1934.88000
1976.58000
1934.88000
1976.58000
1934.88000
1976.58000
1934.88000
1976.58000
1934.88000
1976.58000
1934.88000
1976.58000
1934.88000
1976.58000
1934.88000
1976.58000
1934.88000
1976.58000
1934.88000
1976.58000
1934.88000
1976.58000
1934.88000
1976.58000
1934.88000
1976.58000
1934.88000
1976.58000
1934.88000
1976.58000
1934.88000
1976.58000
1934.88000
1976.58000
1934.88000
1976.58000
1934.88000
1976.58000
1934.88000
1976.58000
1934.88000
1976.58000
1934.88000
1976.58000
1934.88000
1976.58000
1934.88000
1976.58000
1934.88000
1976.58000
1934.88000
1976.58000
1934.88000
1976.58000
1934.88000
1976.58000
1934.88000
1976.58000
1934.88000
1976.58000
1934.88000
1976.58000
1934.88000
1976.58000
1934.88000
1976.58000
1934.88000
1976.58000
1934.88000
1976.58000
1934.88000
1976.58000
1934.88000
1976.58000
1934.88000
1976.58000
1934.88000
1976.58000
1934.88000
1976.58000
1934.88000
1976.58000
1934.88000
1976.58000
1934.88000
1976.58000
1934.88000
1976.58000
1934.88000
1976.58000
1934.88000
1976.58000
1934.88000
1976.58000
1934.88000
1976.58000
1934.88000
1976.58000
1934.88000
1976.58000
1934.88000
1976.58000
1934.88000
1976.58000
1934.88000
1976.58000
1934.88000
1976.58000
1934.88000
1976.58000
1934.88000
1976.58000
1934.88000
1976.58000
1934.88000
1976.58000
1934.88000
1976.58000
1934.88000
1976.58000
1934.88000
1976.58000
1934.88000
1976.58000
1934.88000
1976.58000
1934.88000
1976.58000
1934.88000
1976.58000
1934.88000
1976.58000
1934.88000
1976.58000
1934.88000
1976.58000
1934.88000
1976.58000
1934.88000
1976.58000
1934.88000
1976.58000
1934.88000
1976.58000
1934.88000
1976.58000
1934.88000
1976.58000
1934.88000
1976.58000
1934.88000
1976.58000
1934.88000
1976.58000
1934.88000
1976.58000
1934.88000
1976.58000
1934.88000
1976.58000
1934.88000
1976.58000
1934.88000
1976.58000
1934.88000
1976.58000
1934.88000
1976.58000
1934.88000
1976.58000
1934.88000
1976.58000
1934.88000
1976.58000
1934.88000
1976.58000
1934.88000
1976.58000
1934.88000
1976.58000
1934.88000
1976.58000
1934.88000
1976.58000
1934.88000
1976.58000
1934.88000
1976.58000
1934.88000
1976.58000
1934.88000
1976.58000
1934.88000
1976.58000
1934.88000
1976.58000
1934.88000
1976.58000
1934.88000
1976.58000
1934.88000
1976.58000
1934.88000
1976.58000
1934.88000
1976.58000
1934.88000
1976.58000
1934.88000
1976.58000
1934.88000
1976.58000
1934.88000
1976.58000
1934.88000
1976.58000
1934.88000
1976.58000
1934.88000
1976.58000
1934.88000
1976.58000
1934.88000
1976.58000
1934.88000
1976.58000
1934.88000
1976.58000
1934.88000
1976.58000
1934.88000
1976.58000
1934.88000
0.00000
2460.93600
0.00000
0.00009
0.00018
0.00009
0.00018
0.00009
0.00017
0.00008
0.00016
0.00008
35.28508
35.28500
0.00000
